function y=f1(x)
y=275*((1+(x/12))^240-1)/(x/12)-250000;